           6           7
          10          14
          11          12          13          15          16          17
          12          13          15          16          17
          13          15          16          17
          15          16          17
          16          17
          25          26
          29          33
          30          31          32          34          35          36
          31          32          34          35          36
          32          34          35          36
          34          35          36
          35          36
          44          45
          48          52
          49          50          51          53          54          55
          50          51          53          54          55
          51          53          54          55
          53          54          55
          54          55
          63          64
          67          71
          68          69          70          72          73          74
          69          70          72          73          74
          70          72          73          74
          72          73          74
          73          74
          81          82
          84          85
          87          88
          96          97
          99         111
         100         112
         101         109
         102         110
         106         107         108
         107         108
